          #                Reverse                           FD                          Tangent                     Relative accuracy
 _____________________________________________________________________________________________________________________________________
           1        0.0000000000000000             0.0000000000000000             0.0000000000000000             0.0000000000000000     
           2        7.7234861280779530             7.7234756545863092             7.7234861280783651            -1.3560594380734869E-006
           3        13.803334061615192             13.803310956461701             13.803334061616136            -1.6738849475395057E-006
           4        19.668654270913329             19.668613369105969             19.668654270914736            -2.0795471444845504E-006
           5        25.460720864192346             25.460657031572964             25.460720864194293            -2.5071081728444966E-006
           6        31.276957320291768             31.276862468843092             31.276957320293935            -3.0326395730195799E-006
           7        37.209906557896431             37.209769434554119             37.209906557899728            -3.6851436515661362E-006
           8        43.370516019133923             43.370320437219334             43.370516019138648            -4.5095797620575695E-006
           9        49.919848601374966             49.919570930256896             49.919848601380266            -5.5623699923845749E-006
          10        57.138817544000176             57.138414888413536             57.138817544006628            -7.0470207107486971E-006
          11        65.642858080405333             65.642249307273914             65.642858080414797            -9.2741054322775796E-006
          12        77.452386462370669             77.451334217215617             77.452386462382293            -1.3585888187783723E-005
          13        139.25939689848738             139.25460375929788             139.25939689851842            -3.4419969546117812E-005
          14        149.07659819564697             149.07253577334245             149.07659819568059            -2.7251313040821401E-005
          15        153.96500702363139             153.96133390410682             153.96500702366376            -2.3857415779593438E-005
          16        156.68784327845535             156.68444133254411             156.68784327848971            -2.1712085237490797E-005
          17        158.00297057747002             157.99977889585648             158.00297057750697            -2.0200545043813634E-005
          18        158.20831395372016             158.20529343457679             158.20831395375782            -1.9092402760101379E-005
          19        157.42238310624799             157.41950864622822             157.42238310628576            -1.8259871868764321E-005
          20        155.66584913271916             155.66310167969277             155.66584913275506            -1.7649995616375591E-005
          21        152.88684508060106             152.88421169046273             152.88684508064247            -1.7224735965992721E-005
          22        148.96151788159625             148.95898933886542             148.96151788163439            -1.6974757818921660E-005
          23        143.67549543577167             143.67306516049894             143.67549543580796            -1.6915316077614762E-005
          24        136.67934044641444             136.67700816455408             136.67934044645017            -1.7064186050186336E-005
          25        127.39349079030032             127.39126539429435             127.39349079032215            -1.7468984399471310E-005
          26        114.79185160452661             114.78974569101297             114.79185160454820            -1.8345833267208178E-005
          27        96.827067402857665             96.825136655098731             96.827067402878811            -1.9940563440234982E-005
          28        68.425966236870423             68.424387524856911             68.425966236889820            -2.3072358993792008E-005
          29        0.0000000000000000             0.0000000000000000             0.0000000000000000             0.0000000000000000     
          30        0.0000000000000000             0.0000000000000000             0.0000000000000000             0.0000000000000000     
          31        0.0000000000000000             0.0000000000000000             0.0000000000000000             0.0000000000000000     
